6	7
8	9
10	11
12	13
28	29
30	31
36	37
48	49
50	51
54	55
56	57
58	59
60	61
62	63
64	65
66	67
68	69
70	71
72	73
91	92
93	94
95	96
97	98
99	100
101	102
103	104
105	106
107	108
109	110
111	112
113	114
115	116
117	118
119	120
121	122
123	124
125	126
127	128
129	130
131	132
133	134
135	136
137	138
139	140
141	142
143	144
145	146
147	148
149	150
151	152
153	154
155	156
157	158
159	160
161	162
163	164
165	166
167	168
169	170
171	172
173	174
175	176
177	178
179	180
181	182
183	184
185	186
187	188
189	190
191	192
193	194
195	196
197	198
199	200
201	202
203	204
205	206
207	208
209	210
211	212
213	214
215	216
217	218
219	220
221	222
223	224
225	226
227	228
229	230
231	232
233	234
235	236
237	238
239	240
241	242
243	244
245	246
247	248
249	250
251	252
253	254
255	256
257	258
259	260
261	262
263	264
265	266
267	268
269	270
272	2478
273	2479
288	289
301	302
303	304
305	306
307	308
309	310
311	312
315	316
317	318
319	320
321	322
323	324
325	326
327	328
329	330
331	332
333	334
335	336
339	340
341	342
343	344
345	346
347	348
349	350
351	352
353	354
355	356
357	358
359	360
361	362
363	364
365	366
367	368
369	370
371	372
373	374
375	376
377	378
379	380
381	382
383	384
385	386
387	388
389	390
391	392
393	394
395	396
397	398
399	400
401	402
403	404
405	406
407	408
409	410
411	412
413	414
426	427
428	429
434	435
436	437
438	439
440	441
442	443
444	445
447	448
449	450
451	452
453	454
464	465
466	467
468	469
470	471
472	473
474	475
476	477
478	479
480	481
482	483
484	485
486	487
488	489
490	491
492	493
494	495
496	497
498	499
500	501
502	503
504	505
506	507
508	509
510	511
512	513
514	515
516	517
518	519
520	521
526	527
528	529
530	531
532	533
534	535
536	537
538	539
540	541
542	543
544	545
546	547
548	549
550	551
567	568
569	570
571	572
573	574
575	576
577	578
579	580
581	582
583	584
585	586
590	591
592	593
596	597
600	11655
621	622
626	627
628	629
630	631
632	633
634	635
636	637
638	639
640	641
642	643
644	645
646	647
648	649
650	651
652	653
654	655
656	657
658	659
660	661
662	663
664	665
733	734
751	752
753	754
759	760
767	768
837	838
839	840
841	842
843	844
845	846
847	848
849	850
851	852
853	854
855	856
857	858
859	860
861	862
943	944
946	947
948	949
950	951
952	953
954	955
956	957
958	959
960	961
962	963
966	967
968	969
970	971
973	974
975	976
977	978
981	982
983	984
985	986
987	988
989	990
991	992
993	994
1005	1006
1007	1008
1009	1010
1011	1012
1013	1014
1015	1016
1017	1018
1019	1020
1021	1022
1023	1024
1025	1026
1027	1028
1029	1030
1031	1032
1033	1034
1035	1036
1038	1039
1040	1041
1042	1043
1044	1045
1046	1047
1048	1049
1050	1051
1053	1054
1055	1056
1057	1058
1059	1060
1061	1062
1063	1064
1065	1066
1067	1068
1069	1070
1071	1072
1073	1074
1075	1076
1077	1078
1079	1080
1081	1082
1083	1084
1085	1086
1087	1088
1089	1090
1091	1092
1093	1094
1095	1096
1097	1098
1099	1100
1101	1102
1103	1104
1105	1106
1107	1108
1109	1110
1111	1112
1113	1114
1115	1116
1117	1118
1119	1120
1121	1122
1123	1124
1125	1126
1127	1128
1129	1130
1131	1132
1133	1134
1135	1136
1137	1138
1139	1140
1141	1142
1143	1144
1145	1146
1147	1148
1149	1150
1151	1152
1153	1154
1155	1156
1157	1158
1159	1160
1161	1162
1163	1164
1165	1166
1167	1168
1169	1170
1171	1172
1173	1174
1175	1176
1177	1178
1179	1180
1181	1182
1183	1184
1185	1186
1187	1188
1189	1190
1191	1192
1193	1194
1195	1196
1197	1198
1199	1200
1201	1202
1203	1204
1205	1206
1207	1208
1209	1210
1211	1212
1213	1214
1215	1216
1217	1218
1219	1220
1221	1222
1223	1224
1225	1226
1227	1228
1229	1230
1231	1232
1233	1234
1235	1236
1237	1238
1239	1240
1241	1242
1243	1244
1245	1246
1247	1248
1249	1250
1251	1252
1253	1254
1255	1256
1257	1258
1259	1260
1261	1262
1263	1264
1265	1266
1267	1268
1269	1270
1271	1272
1273	1274
1275	1276
1277	1278
1279	1280
1281	1282
1283	1284
1285	1286
1287	1288
1289	1290
1291	1292
1293	1294
1295	1296
1297	1298
1299	1300
1301	1302
1303	1304
1305	1306
1307	1308
1309	1310
1311	1312
1313	1314
1315	1316
1317	1318
1319	1320
1321	1322
1323	1324
1325	1326
1327	1328
1329	1330
1331	1332
1333	1334
1335	1336
1337	1338
1339	1340
1341	1342
1343	1344
1345	1346
1347	1348
1349	1350
1351	1352
1353	1354
1355	1356
1357	1358
1359	1360
1361	1362
1363	1364
1365	1366
1367	1368
1369	1370
1371	1372
1373	1374
1375	1376
1377	1378
1379	1380
1381	1382
1383	1384
1385	1386
1387	1388
1389	1390
1391	1392
1393	1394
1395	1396
1397	1398
1399	1400
1401	1402
1403	1404
1405	1406
1407	1408
1411	1412
1413	1414
1415	1416
1417	1418
1420	1421
1422	1423
1424	1425
1426	1427
1428	1429
1430	1431
1432	1433
1434	1435
1436	1437
1438	1439
1440	1441
1442	1443
1444	1445
1446	1447
1448	1449
1452	1453
1454	1455
1456	1457
1462	1463
1470	1471
1472	1473
1474	1475
1476	1477
1478	1479
1511	1512
1513	1514
1515	1516
1517	1518
1519	1520
1521	1522
1523	1524
1540	1541
1550	1551
1552	1553
1573	1574
1575	1576
1577	1578
1586	1587
1592	1593
1595	1596
1597	1598
1599	1600
1601	1602
1603	1604
1605	1606
1607	1608
1609	1610
1611	1612
1613	1614
1615	1616
1617	1618
1619	1620
1621	1622
1623	1624
1625	1626
1627	1628
1629	1630
1631	1632
1633	1634
1635	1636
1637	1638
1639	1640
1641	1642
1643	1644
1645	1646
1654	1655
1656	1657
1658	1659
1660	1661
1662	1663
1664	1665
1673	1674
1675	1676
1677	1678
1679	1680
1681	1682
1683	1684
1692	1693
1694	1695
1696	1697
1698	1699
1700	1701
1702	1703
1704	1705
1706	1707
1708	1709
1710	1711
1712	1713
1714	1715
1716	1717
1718	1719
1720	1721
1722	1723
1724	3852
1725	1726
1727	1728
1729	1730
1731	1732
1735	1736
1737	1738
1739	1740
1741	1742
1743	1744
1745	1746
1747	1748
1749	1750
1751	1752
1753	1754
1755	1756
1757	1758
1759	1760
1761	1762
1763	1764
1765	1766
1767	1768
1769	1770
1771	1772
1773	1774
1775	1776
1777	1778
1779	1780
1781	1782
1783	1784
1785	1786
1787	1788
1789	1790
1791	1792
1794	1795
1823	1824
1825	1826
1827	1828
1829	1830
1831	1832
1833	1834
1835	1836
1837	1838
1859	1860
1861	1862
1863	1864
1865	1866
1867	1868
1869	1870
1871	1872
1873	1874
1875	1876
1877	1878
1879	1880
1881	1882
1883	1884
1885	1886
1887	1888
1889	1890
1891	1892
1893	1894
1895	1896
1897	1898
1899	1900
1901	1902
1903	1904
1905	1906
1907	1908
1909	1910
1911	1912
1913	1914
1915	1916
1917	1918
1919	1920
1921	1922
1923	1924
1925	1926
1927	1928
1929	1930
1931	1932
1933	1934
1935	1936
1937	1938
1942	1943
1944	1945
1947	1948
1949	1950
1951	1952
1953	1954
1955	1956
1957	1958
1959	1960
1961	1962
1963	1964
1965	1966
1967	1968
1969	1970
1971	1972
1973	1974
1975	1976
1978	1979
1980	1981
1982	1983
1985	1986
1987	1988
1989	1990
1993	1994
1997	1998
1999	2000
2001	2002
2003	2004
2005	2006
2007	2008
2009	2010
2011	2012
2013	2014
2015	2016
2017	2018
2019	2020
2021	2022
2023	2024
2025	9565
2026	2027
2028	2029
2030	2031
2032	2033
2034	2035
2036	2037
2038	2039
2040	2041
2042	2043
2044	2045
2046	2047
2048	2049
2050	2051
2052	2053
2054	2055
2056	2057
2058	2059
2060	2061
2062	2063
2064	2065
2066	2067
2068	2069
2070	2071
2072	2073
2074	2075
2076	2077
2078	2079
2080	2081
2082	2083
2084	2085
2086	2087
2088	2089
2090	2091
2092	2093
2094	2095
2096	2097
2098	2099
2100	2101
2102	2103
2104	2105
2106	2107
2108	2109
2110	2111
2112	2113
2114	2115
2116	2117
2118	2119
2120	2121
2122	2123
2124	2125
2126	2127
2128	2129
2130	2131
2132	2133
2134	2135
2136	2137
2138	2139
2140	2141
2142	2143
2144	2145
2146	2147
2150	2151
2152	2153
2154	2155
2156	2157
2158	2159
2160	2161
2162	2163
2164	9585
2165	9586
2166	9587
2167	2168
2169	2170
2171	2172
2173	2174
2175	2176
2179	2180
2181	2182
2183	2184
2185	2186
2187	2188
2189	2190
2191	2192
2193	2194
2195	2196
2197	2198
2199	2200
2202	9588
2203	2204
2205	2206
2207	2208
2209	2210
2211	2212
2213	2214
2215	2216
2217	2218
2219	2220
2221	2222
2223	2224
2225	2226
2227	2228
2229	2230
2231	2232
2233	2234
2235	2236
2237	2238
2239	2240
2241	2242
2243	2244
2245	2246
2247	2248
2251	2252
2253	2254
2255	2256
2257	2258
2259	2260
2261	2262
2263	2264
2265	2266
2267	2268
2269	2270
2271	2272
2273	2274
2275	2276
2277	2278
2279	2280
2281	2282
2283	2284
2285	2286
2287	2288
2289	2290
2291	2292
2293	2294
2295	2296
2297	2298
2299	2300
2301	2302
2303	2304
2305	2306
2307	2308
2309	2310
2311	2312
2313	2314
2315	2316
2317	2318
2319	2320
2321	2322
2323	2324
2325	2326
2327	2328
2329	2330
2331	2332
2333	2334
2335	2336
2337	2338
2341	2342
2343	2344
2345	2346
2347	2348
2349	2350
2351	2352
2353	2354
2355	2356
2357	2358
2359	2360
2361	2362
2363	2364
2366	2367
2368	2369
2370	2371
2391	2392
2426	2427
2428	2429
2430	2431
2432	2433
2434	2435
2436	2437
2438	2439
2440	2441
2442	2443
2444	2445
2446	2447
2448	2449
2450	2451
2452	2453
2454	2455
2456	2457
2458	2459
2460	2461
2462	2463
2464	2465
2466	2467
2468	2469
2470	2471
2472	2473
2474	2475
2476	2477
2481	2482
2483	2484
2485	2486
2487	2488
2489	2490
2491	2492
2493	2494
2495	2496
2497	2498
2499	2500
2501	2502
2503	2504
2505	2506
2507	2508
2509	2510
2514	2515
2516	2517
2518	2519
2520	2521
2522	2523
2524	2525
2526	2527
2530	2531
2550	2551
2552	2553
2554	2555
2556	2557
2558	2559
2560	2561
2562	2563
2564	2565
2566	2567
2568	2569
2570	2571
2572	2573
2577	2578
2579	2580
2581	2582
2583	2584
2585	2586
2587	2588
2589	2590
2591	2592
2593	2594
2595	2596
2597	2598
2599	2600
2601	2602
2603	2604
2605	2606
2607	2608
2609	2610
2611	2612
2613	2614
2615	2616
2617	2618
2619	2620
2621	2622
2623	2624
2625	2626
2627	2628
2629	2630
2631	2632
2633	2634
2635	2636
2637	2638
2639	2640
2641	2642
2643	2644
2645	2646
2647	2648
2649	2650
2651	2652
2653	2654
2655	2656
2657	2658
2659	2660
2661	2662
2663	2664
2665	2666
2667	2668
2669	2670
2671	2672
2673	2674
2675	2676
2859	2860
2862	2863
2876	2877
2878	2879
2880	2881
2890	2891
2894	2895
2896	2897
2898	2899
2900	2901
2902	2903
2904	2905
2906	2907
2908	2909
2910	2911
2912	2913
2914	2915
2916	2917
2918	2919
2920	2921
2922	2923
2924	2925
2926	2927
2928	2929
2930	2931
2932	2933
2934	2935
2936	2937
2938	2939
2940	2941
2942	2943
2955	2956
2959	2960
2961	2962
2964	2965
2970	2971
2972	2973
2974	2975
2976	2977
2997	3048
2998	2999
3000	3001
3002	3003
3004	3005
3006	3007
3008	3009
3010	3011
3012	3013
3014	3015
3016	3017
3018	3019
3020	3021
3022	3023
3024	3025
3026	3027
3028	3029
3030	3031
3032	3033
3034	3035
3036	3037
3038	3039
3040	3041
3042	3043
3044	3045
3046	3047
3049	3050
3051	3052
3053	3055
3054	3056
3095	3115
3096	3116
3097	3117
3098	3118
3099	3119
3100	3120
3101	3121
3105	3106
3107	3108
3122	3134
3123	3124
3125	3126
3138	3139
3140	3141
3142	3143
3144	3145
3148	3149
3157	3158
3159	3160
3162	3163
3177	3178
3183	3184
3188	3189
3190	3191
3192	3193
3194	3195
3196	3197
3198	3199
3200	3201
3202	3203
3204	3205
3209	3210
3211	3212
3216	3217
3224	3225
3226	3227
3228	3229
3231	3232
3233	3234
3235	3236
3237	3238
3239	3240
3325	3326
3327	3328
3329	3330
3331	3332
3333	3334
3335	3336
3337	3338
3339	3340
3341	3342
3343	3344
3345	3346
3347	3348
3349	3350
3351	3352
3353	3354
3355	3356
3357	3358
3359	3360
3361	3362
3363	3364
3365	3366
3367	3368
3369	3370
3371	3372
3373	3374
3375	3376
3377	3378
3379	3380
3381	3382
3383	3384
3385	3386
3387	3388
3389	3390
3391	3392
3393	3394
3396	3397
3398	3399
3400	3401
3402	3403
3404	3405
3406	3407
3408	3409
3410	3411
3412	3413
3414	3415
3420	3421
3422	3423
3424	3425
3426	3427
3428	3429
3430	3431
3432	3433
3434	3435
3436	3437
3438	3439
3440	3441
3442	3443
3444	3445
3446	3447
3448	3449
3470	3471
3472	3668
3473	3669
3474	3670
3475	3671
3476	3672
3477	3673
3478	3674
3479	3675
3480	3676
3481	3482
3483	3484
3485	3677
3486	3487
3488	3489
3678	3679
3746	3747
3749	3750
3751	3752
3753	3754
3755	3756
3759	3760
3761	3762
3763	3764
3765	3766
3767	3768
3769	3770
3771	3772
3773	3774
3775	3776
3777	3778
3779	3780
3781	3782
3783	3784
3785	3786
3787	3788
3789	3790
3791	3792
3793	3794
3795	3796
3797	3798
3799	3800
3801	3802
3803	3804
3805	3806
3853	3854
3855	3856
3857	3858
3859	3860
3861	3862
3863	3864
3865	3866
3867	3868
3899	3900
4002	4003
4010	4011
4012	4013
4014	4015
4016	4017
4018	4019
4037	4038
4039	4040
4043	4044
4045	4046
4047	4048
4049	4050
4051	4052
4053	4054
4073	4074
4087	4088
4089	4090
4091	4092
4093	4094
4095	4096
4097	4098
4099	4100
4101	4102
4103	4104
4105	4106
4107	4108
4109	4110
4111	4112
4113	4114
4115	4116
4117	4118
4119	4120
4121	4122
4123	4124
4125	4126
4127	4128
4129	4130
4131	4132
4151	4152
4153	4154
4156	4157
4162	4163
4164	4165
4166	4167
4168	4169
4170	4171
4207	4208
4209	4210
4287	4288
4289	4290
4291	4292
4293	4294
4298	4299
4300	4301
4302	4303
4304	4305
4306	4307
4308	4309
4310	4311
4313	4314
4315	4316
4317	4318
4319	4320
4321	4322
4323	4324
4325	4326
4327	4328
4329	4330
4331	4332
4333	4334
4335	4336
4337	4338
4339	4340
4341	4342
4343	4344
4345	4346
4347	4348
4349	4350
4351	4352
4353	4354
4355	4356
4357	4358
4359	4360
4361	4362
4363	4364
4365	4366
4367	4368
4369	4370
4371	4372
4373	4374
4375	4376
4377	4378
4379	4380
4381	4382
4383	4384
4385	4386
4387	4388
4389	4390
4391	4392
4393	4394
4395	4396
4397	4398
4399	4400
4401	4402
4403	4404
4405	4406
4407	4408
4409	4410
4411	4412
4413	4414
4417	4418
4419	4420
4421	4422
4423	4424
4436	4437
4438	4439
4440	4441
4456	4457
4458	4459
4460	4461
4462	4463
4464	4465
4466	4467
4468	4469
4470	4471
4472	4473
4474	4475
4476	4477
4478	4479
4480	4481
4482	4483
4490	4491
4492	4493
4496	4497
4498	4499
4517	4518
4522	4523
4525	4526
4527	4528
4529	4530
4532	4533
4535	4536
4537	4538
4540	4541
4542	4543
4544	4545
4546	4547
4548	4549
4551	4552
4580	4581
4582	4583
4585	4586
4587	4588
4591	4592
4593	4594
4595	4596
4600	4612
4608	4609
4627	4628
4668	4669
4675	4676
4684	4685
4687	4688
4689	4690
4708	4709
4710	4711
4712	4713
4714	4715
4716	4717
4718	4719
4720	4721
4722	4723
4724	4725
4726	4727
4728	4729
4730	4731
4732	4733
4734	4735
4736	4737
4738	4739
4745	4746
4747	4748
4749	4750
4751	4752
4753	4754
4755	4756
4757	4758
4759	4760
4812	4813
4825	4826
4827	4828
4830	4831
4832	4833
4834	4835
4840	4841
4842	4843
4844	4845
4846	4847
4848	4849
4850	4851
4860	4861
4866	4867
4872	4873
4878	4879
4884	4885
4890	4891
4896	4897
4902	4903
4908	4909
4914	4915
4920	4921
4926	4927
4932	4933
4938	4939
4944	4945
4950	4951
4956	4957
4962	4963
4968	4969
4974	4975
4980	4981
4986	4987
4992	4993
4998	4999
5001	5005
5002	5006
5003	5007
5014	5015
5016	5017
5018	5019
5024	5025
5026	5027
5028	5029
5030	5031
5032	5033
5034	5035
5036	5037
5038	5039
5040	5041
5042	5043
5044	5045
5046	5047
5048	5049
5050	5051
5052	5053
5054	5055
5075	20783
5325	5326
5329	5330
5331	5332
5341	5342
5343	5344
5345	5346
5350	5351
5352	5353
5354	5355
5356	5357
5370	12941
5371	12942
5372	12943
5373	12944
5374	12945
5376	5377
5388	5419
5390	5419
5392	5419
5394	5419
5396	5419
5398	5419
5400	5419
5402	5419
5404	5419
5406	5419
5408	5419
5410	5419
5412	5419
5414	5419
5416	5419
5418	5419
5496	12946
5497	12947
5498	12948
5499	12949
5500	12950
5501	12951
5502	12952
5503	12953
5504	5505
5509	5517
5510	5517
5511	5517
5512	5517
5513	5517
5514	5517
5515	5517
5516	5517
5521	5522
5523	5524
5525	5526
5527	5528
5529	5530
5531	5532
5533	5534
5535	5536
5537	5538
5539	5540
5541	5542
5543	5544
5547	5548
5574	5611
5575	5612
5576	5613
5668	5669
5670	5671
5672	5673
5674	5675
5676	5677
5678	5679
5680	5681
5682	5683
5684	5685
5686	5687
5688	5689
5690	5691
5692	5693
5694	5695
5696	5697
5698	5699
5700	5701
5702	5703
5704	5705
5706	5707
5708	5709
5710	5711
5712	5713
5714	5715
5716	5717
5718	5719
5720	5721
5722	5723
5724	5725
5726	5727
5728	5729
5730	5731
5732	6060
5734	5735
5736	5737
5739	5740
5741	5742
5743	5744
5745	5746
5747	5748
5749	5750
5751	5752
5753	5754
5755	5756
5757	5758
5759	5760
5761	5762
5763	5764
5765	5766
5767	5768
5769	5770
5771	5772
5773	5774
5775	5776
5777	5778
5779	5780
5781	5782
5783	5784
5785	5786
5787	5788
5789	5790
5791	5792
5793	5794
5795	5796
5797	5798
5799	5800
5801	5802
5803	5804
5805	5806
5807	5808
5809	5810
5811	5812
5813	5814
5815	5816
5817	5818
5819	5820
5821	5822
5823	5824
5825	5826
5827	5828
5829	5830
5831	5832
5833	5834
5835	5836
5837	5838
5839	5840
5841	5842
5843	5844
5845	5846
5847	5848
5849	5850
5851	5852
5853	5854
5855	5856
5857	5858
5859	5860
5861	5862
5863	5864
5865	5866
5867	5868
5869	5870
5871	5872
5873	5874
5875	5876
5877	5878
5879	5880
5881	5882
5883	5884
5885	5886
5887	5888
5889	5890
5891	5892
5893	5894
5895	5896
5897	5898
5899	5900
5901	5902
5903	5904
5905	5906
5907	5908
5909	5910
5911	5912
5913	5914
5915	5916
5917	5918
5919	5920
5921	5922
5923	5924
5925	5926
5927	5928
5929	5930
5931	5932
5933	5934
5935	6124
5937	5938
5940	5941
5943	5944
5945	5946
5947	5948
5949	5950
5952	5953
5954	5955
5956	5957
5958	5959
5960	5971
5962	5971
5964	5971
5966	5971
5968	5971
5970	5971
5972	5973
5974	5975
5976	5977
5978	5979
5980	5981
5982	5983
5984	5985
5986	5987
5988	5989
5990	5991
5992	5993
5994	5995
5996	5997
5998	5999
6000	6001
6002	6003
6004	6005
6006	6007
6008	6009
6010	6011
6012	6013
6014	6015
6016	6017
6018	6019
6020	6021
6022	6023
6024	6025
6026	6027
6028	6029
6030	6031
6032	6033
6034	6035
6036	6037
6038	6039
6041	6042
6043	6044
6045	6046
6047	6048
6049	6050
6051	6052
6053	6054
6055	6056
6073	6074
6075	6076
6077	6078
6079	6080
6128	6175
6129	6176
6130	6177
6131	6132
6133	6134
6135	6136
6137	6138
6139	6140
6141	6142
6143	6144
6145	6146
6147	6148
6149	6150
6151	6152
6153	6154
6155	6156
6157	6158
6159	6160
6161	6162
6163	6164
6165	6166
6167	6168
6169	6170
6171	6172
6173	6174
6211	6212
6213	6214
6215	6216
6217	6218
6219	6220
6221	6222
6223	6224
6225	6226
6227	6228
6229	6230
6231	6232
6233	6234
6235	6236
6237	6238
6239	6240
6241	6242
6243	6244
6245	6246
6247	6248
6249	6250
6251	6252
6253	6254
6255	6256
6257	6258
6259	6260
6261	6262
6263	6264
6265	6266
6267	6268
6269	6270
6271	6272
6273	6274
6275	6276
6277	6278
6279	6280
6281	6282
6283	6284
6285	6286
6287	6288
6289	6290
6291	6292
6293	6294
6295	6296
6297	6298
6299	6300
6301	6302
6303	6304
6311	6312
6313	6314
6315	6316
6317	6318
6322	6323
6324	6325
6326	6327
6328	6329
6330	6331
6332	8836
6333	6334
6335	6336
6337	6338
6339	6340
6341	6342
6343	6344
6345	6346
6347	6348
6349	6350
6351	6352
6353	6354
6355	6356
6357	6358
6359	6360
6361	6362
6363	6364
6365	6366
6367	6368
6369	6370
6371	6372
6373	6374
6375	6376
6377	6378
6379	6380
6382	6383
6384	6385
6386	6387
6388	6389
6390	6391
6392	6393
6394	6395
6396	6397
6398	6399
6400	6401
6402	6403
6404	6405
6406	6407
6408	6409
6410	6411
6412	6413
6414	6415
6416	6417
6418	6419
6420	6421
6422	6423
6424	6425
6426	6427
6428	6429
6430	6431
6432	6433
6434	6435
6436	6437
6438	6439
6470	6471
6472	6473
6474	6475
6476	6477
6523	6535
6524	6536
6525	6537
6526	6538
6527	6539
6528	6540
6562	6726
6563	6727
6568	6569
6571	6572
6573	6574
6575	6576
6577	6578
6579	6580
6581	6582
6583	6584
6585	6586
6587	6588
6589	6590
6591	6592
6593	6594
6595	6596
6597	6598
6599	6600
6601	6602
6603	6604
6605	6606
6607	6608
6609	6610
6611	6612
6613	6614
6615	6616
6617	6618
6619	6620
6621	6622
6623	6624
6625	6626
6627	6628
6629	6630
6631	6632
6633	6634
6667	6723
6675	6676
6681	6682
6683	6684
6685	6686
6687	6688
6689	6690
6691	6692
6693	6694
6697	6698
6699	6700
6701	6702
6703	6704
6705	6706
6724	6725
6729	6730
6731	6732
6733	6734
6735	6736
6737	6738
6739	6740
6741	6742
6743	6744
6750	6751
6752	6753
6760	6761
6762	6763
6764	6765
6794	6795
6809	6813
6812	6816
6814	6815
6889	6890
6891	6892
6908	6909
6910	6911
6912	6913
6914	6915
6916	6917
6918	6919
6920	6921
6922	6923
6924	6925
6959	6960
6962	6968
6971	6972
6973	6974
6975	6976
6977	6978
6979	6980
6981	6982
6983	6984
7051	7052
7054	7055
7056	7057
7058	7059
7060	7061
7062	7063
7064	7065
7066	7067
7068	7069
7070	7071
7072	7073
7074	7075
7076	7077
7078	7079
7080	7081
7082	7083
7084	7085
7086	7087
7088	7089
7090	7091
7092	7093
7094	7095
7110	7111
7112	7113
7114	7115
7116	7117
7122	7123
7124	7125
7126	7127
7128	7129
7130	7131
7132	7133
7134	7135
7136	7137
7138	7139
7158	7407
7159	7161
7162	7163
7164	7165
7166	7167
7168	7169
7170	7171
7172	7173
7174	7175
7176	7177
7178	7179
7180	7181
7182	7183
7184	7185
7186	7187
7188	7189
7190	7191
7192	7193
7194	7195
7196	7197
7198	7199
7200	7201
7202	7203
7204	7205
7206	7207
7208	7209
7210	7211
7212	7213
7214	7215
7216	7217
7218	7219
7220	7221
7222	7231
7223	7232
7224	7233
7225	7234
7226	7227
7228	7229
7230	7235
7319	7320
7321	7322
7323	7324
7325	7326
7327	7328
7332	7333
7334	7335
7336	7337
7338	7339
7340	7341
7342	7343
7344	7345
7346	7347
7348	7349
7350	7351
7352	7353
7354	7355
7356	7357
7358	7359
7360	7361
7362	7363
7364	7365
7366	7367
7368	7369
7370	7371
7372	7373
7374	7375
7376	7377
7378	7379
7380	7381
7382	7383
7384	7385
7386	7387
7388	7389
7390	7391
7392	7393
7394	7395
7396	7397
7398	7401
7399	7402
7400	7403
7414	7415
7416	7417
7418	7419
7433	7434
7435	7436
7437	7438
7439	7440
7441	7442
7443	7444
7445	7446
7447	7448
7449	7450
7451	7452
7466	7467
7468	7469
7521	7522
7548	7549
7550	7551
7552	7553
7554	7555
7556	7557
7558	7559
7560	7561
7562	7563
7566	7567
7568	7569
7570	7571
7622	7623
7624	7625
7626	7627
7630	7631
7650	7651
7652	7653
7654	7655
7656	7657
7658	7659
7660	7661
7662	7663
7664	7665
7666	7667
7668	7669
7679	7680
7682	7683
7684	7685
7686	7687
7688	7689
7692	7693
7694	7695
7696	7697
7698	7699
7700	7701
7702	7703
7704	7705
7706	7707
7708	7709
7710	7711
7712	7713
7714	7715
7716	7717
7718	7719
7720	7721
7722	7723
7724	7725
7726	7727
7728	7729
7738	7739
7740	7741
7742	7743
7744	7745
7746	7747
7748	7749
7750	7751
7752	7753
7754	7755
7756	7757
7759	7760
7761	7762
7763	7764
7765	7766
7767	7768
7769	7770
7771	7772
7801	7802
7804	7805
7919	7920
7934	7935
7936	7937
7939	7940
7944	7945
7946	7947
7948	7949
7952	7953
7954	7955
8417	8418
8419	8420
8421	8422
8423	8424
8425	8426
8427	8428
8429	8430
8431	8432
8433	8434
8435	8436
8437	8438
8439	8440
8441	8442
8443	8444
8445	8446
8447	8448
8449	8450
8451	8452
8453	8454
8455	8456
8457	8458
8459	8460
8461	8462
8496	8497
8498	8499
8500	8501
8502	8503
8504	8505
8506	8507
8508	8509
8510	8511
8512	8513
8514	8515
8516	8517
8518	8519
8520	8521
8522	8523
8524	8525
8526	8527
8528	8529
8530	8531
8532	8533
8534	8535
8536	8537
8538	8539
8540	8541
8542	8543
8544	8545
8546	8547
8548	8549
8550	8551
8552	8553
8554	8555
8556	8557
8558	8559
8560	8561
8562	8563
8564	8565
8566	8567
8568	8569
8570	8571
8572	8573
8574	8575
8576	8577
8578	8579
8580	8581
8582	8583
8584	8585
8586	8587
8588	8589
8590	8591
8592	8593
8594	8595
8596	8597
8598	8599
8600	8601
8602	8603
8604	8605
8606	8607
8608	8609
8610	8611
8612	8613
8614	8615
8616	8617
8618	8619
8620	8621
8622	8623
8624	8625
8626	8627
8628	8629
8630	8631
8632	8633
8634	8635
8636	8637
8638	8639
8640	8641
8642	8643
8644	8645
8646	8647
8648	8649
8778	8779
8780	8781
8782	8783
8784	8785
8786	8787
8788	8789
8790	8791
8792	8793
8794	8795
8837	8838
8872	8873
8874	8875
8876	8877
8878	8879
8880	8881
8901	8902
8903	8904
8905	8906
8907	8908
8909	8910
8911	8912
8913	8914
8915	8916
8917	8918
8919	8920
8921	8922
8924	8998
8925	8999
8926	9000
8927	9001
8928	9002
8930	8931
8932	8933
8934	8935
8936	8937
8938	8939
8972	8973
8974	8975
8977	8978
8979	8980
8981	8982
9003	9014
9004	9015
9026	9027
9028	9029
9030	9031
9032	9033
9034	9035
9036	9037
9038	9039
9040	9041
9042	9043
9044	9045
9046	9047
9048	9049
9050	9051
9052	9053
9174	9175
9177	9178
9179	9180
9181	9182
9183	9184
9185	9186
9416	9417
9418	11275
9419	11276
9420	9421
9423	9424
9425	9426
9427	9428
9429	9430
9431	9432
9434	9435
9436	9437
9438	9439
9440	9441
9442	9443
9444	9445
9446	9447
9448	9449
9450	9451
9452	9453
9454	9455
9457	9458
9459	9460
9461	9462
9463	9464
9465	9466
9470	9471
9472	9473
9475	9476
9487	9488
9489	9490
9508	9509
9510	9511
9512	9513
9514	9515
9516	9517
9518	9519
9520	9521
9522	9523
9524	9525
9527	9528
9529	9530
9531	9532
9533	9534
9535	9536
9538	9539
9540	9541
9542	9543
9544	9545
9547	9548
9549	9550
9551	9552
9553	9554
9629	9630
9634	9635
9636	9637
9638	9639
9640	9641
9642	9643
9644	9645
9665	9701
9666	9667
9668	9669
9670	9671
9672	9673
9674	9675
9676	9677
9678	9679
9729	9730
9731	9732
9733	9734
9735	9738
9736	9737
9739	9740
9741	9742
9743	9744
9745	9746
9843	9868
9844	9869
9845	9870
9846	9871
9847	9872
9848	9873
9849	9874
9850	9875
9851	9876
9852	9877
9853	9878
9854	9879
9855	9880
9856	9881
9857	9882
9858	9883
9859	9884
9860	9885
9861	9886
9862	9887
9863	9888
9864	9889
9865	9890
9866	9891
9867	9892
9978	9979
9980	9981
9982	9983
9984	9985
9986	9987
9988	9989
9990	9991
9992	9993
9994	9995
9996	9997
9998	9999
10000	10001
10002	10003
10004	10005
10006	10007
10008	10009
10010	10011
10012	10013
10014	10015
10016	10017
10018	10019
10020	10021
10025	10026
10029	10030
10031	10032
10035	10036
10037	10038
10039	10040
10041	10042
10043	10044
10045	10046
10047	10048
10049	10050
10051	10052
10053	10054
10055	10056
10057	10058
10059	10060
10061	10062
10063	10064
10065	10066
10067	10068
10069	10070
10071	10072
10075	10076
10077	10078
10079	10080
10081	10082
10083	10084
10085	10086
10093	10094
10095	10096
10097	10098
10099	10100
10101	10102
10103	10104
10105	10106
10107	10108
10109	10110
10111	10112
10113	10114
10115	10116
10117	10118
10119	10120
10121	10122
10123	10124
10125	10126
10127	10128
10129	10130
10132	10133
10134	10135
10136	10137
10138	10139
10140	10141
10146	10151
10147	10151
10148	10151
10149	10151
10150	10151
10156	10157
10280	10281
10282	10283
10284	10285
10286	10287
10288	10289
10290	10291
10292	10293
10294	10295
10296	10297
10298	10299
10300	10301
10302	10303
10304	10305
10306	10307
10308	10309
10310	10311
10312	10313
10314	10315
10316	10317
10318	10319
10320	10321
10322	10323
10324	10325
10330	10331
10332	10333
10334	10335
10336	10337
10338	10339
10340	10341
10342	10343
10344	10345
10346	10347
10348	10349
10350	10351
10352	10353
10354	10355
10356	10357
10358	10359
10360	10361
10362	10363
10364	10365
10366	10367
10368	10369
10370	10371
10372	10373
10374	10375
10376	10377
10378	10379
10380	10381
10382	10383
10384	10385
10386	10387
10388	10389
10390	10391
10392	10393
10394	10395
10396	10397
10398	10399
10400	10401
10402	10403
10404	10405
10406	10407
10408	10409
10410	10411
10412	10413
10414	10415
10416	10417
10418	10419
10420	10421
10422	10423
10424	10425
10426	10427
10428	10429
10430	10431
10432	10433
10434	10435
10436	10437
10438	10439
10440	10441
10442	10443
10444	10445
10446	10447
10448	10449
10450	10451
10452	10453
10454	10455
10456	10457
10458	10459
10460	10461
10462	10463
10464	10465
10466	10467
10468	10469
10470	10471
10472	10473
10474	10475
10496	10497
10513	25451
10514	25451
10515	25451
10564	10565
10589	10590
10736	10737
10738	10739
10740	10741
10742	10743
10744	10745
10746	10747
10748	10749
10750	10751
10752	10753
10754	10755
10756	10757
10758	10759
10760	10761
10762	10763
10764	10765
10766	10767
10768	10769
10770	10771
10772	10773
10774	10775
10776	10777
10778	10779
10780	10781
10782	10783
10784	10785
10786	10787
10788	10789
10790	10791
10792	10793
10794	10795
10796	10797
10798	10799
10800	10801
10802	10803
10804	10805
10806	10807
10808	10809
10810	10811
10812	10813
10814	10815
10816	10817
10818	10819
10820	10821
10822	10823
10824	10825
10826	10827
10828	10843
10891	10892
10909	10910
10911	10912
10913	10914
10915	10916
10917	10918
10919	10920
10921	10922
10923	10924
10925	10926
10927	10928
10929	10930
10931	10932
10937	10938
10952	10953
10954	10955
10956	10957
10958	10959
10973	10974
10978	10979
10981	10982
10999	11000
11037	11038
11061	11064
11065	11066
11069	11070
11072	11073
11074	11075
11076	11077
11079	11080
11081	11082
11083	11084
11085	11086
11088	11089
11090	11091
11092	11093
11095	11096
11097	11098
11099	11100
11101	11102
11103	11104
11105	11106
11107	11108
11109	11110
11111	11112
11113	11114
11115	11116
11118	11119
11120	11121
11122	11123
11124	11125
11126	11127
11128	11129
11130	11131
11133	11134
11165	11166
11167	11168
11169	11170
11171	11172
11200	11201
11235	11236
11238	11239
11240	11241
11242	11243
11244	11245
11246	11247
11248	11249
11250	11251
11252	11253
11254	11255
11256	11257
11260	11261
11262	11263
11264	11265
11269	11270
11271	11272
11280	11281
11284	11285
11286	11287
11324	11325
11326	11327
11328	11329
11330	11331
11332	11333
11335	11336
11367	11368
11369	11370
11371	11372
11373	11374
11375	11376
11377	11378
11379	11380
11382	11383
11384	11385
11386	11387
11389	11390
11391	11392
11393	11394
11396	11397
11398	11399
11400	11401
11403	11404
11405	11406
11407	11408
11410	11411
11412	11413
11414	11415
11417	11418
11419	11420
11429	11430
11431	11432
11433	11434
11435	11436
11437	11438
11439	11440
11441	11442
11443	11444
11445	11446
11447	11448
11449	11450
11451	11452
11453	11454
11455	11456
11457	11458
11459	11460
11461	11462
11463	11464
11465	11466
11467	11468
11469	11470
11471	11472
11473	11474
11475	11476
11477	11478
11479	11480
11481	11482
11483	11484
11485	11486
11487	11488
11489	11490
11491	11492
11493	11494
11495	11496
11497	11498
11499	11500
11501	11502
11503	11504
11505	11506
11507	11508
11509	11510
11511	11512
11513	11514
11515	11516
11517	11518
11519	11520
11521	11522
11523	11524
11656	11657
11785	11786
11787	11788
11789	11790
11791	11792
11794	11795
11796	11797
11798	11799
11800	11801
11802	11803
11804	11805
11806	11807
11808	11809
11810	11811
11812	11813
11814	11815
11816	11817
11818	11819
11820	11821
11822	11823
11824	11825
11826	11827
11828	11829
11830	11831
11832	11833
11834	11835
11836	11837
11838	11839
11840	11841
11877	11878
11879	11880
11881	11882
11883	11884
11885	11886
11887	11888
11889	11890
11902	11903
11905	11906
11908	11909
11910	11911
11912	11913
11914	11915
11916	11917
11920	11921
11924	11925
11926	11927
11928	11945
11929	11946
11930	11947
11931	11948
11932	11949
11933	11950
11934	11935
11936	11937
11938	11939
11943	11944
11951	11952
11953	11954
11955	11956
11957	11958
11960	11961
11962	11963
11964	11965
11966	11967
11968	11969
11970	11971
11972	11973
11974	11975
11976	11977
11978	11979
11980	11981
11982	11983
11984	11985
11986	11987
11988	11989
11990	11991
11992	11993
11998	11999
12000	12001
12002	12003
12004	12005
12007	12008
12193	12194
12195	12196
12197	12198
12199	12200
12201	12202
12203	12204
12205	12206
12207	12208
12209	12210
12211	12212
12213	12214
12215	12216
12217	12218
12219	12220
12221	12222
12223	12224
12225	12226
12227	12228
12229	12230
12231	12232
12233	12234
12235	12236
12237	12238
12239	12240
12241	12242
12243	12244
12245	12246
12247	12248
12249	12250
12251	12252
12253	12254
12255	12256
12257	12258
12259	12260
12261	12262
12263	12264
12265	12266
12267	12268
12269	12270
12271	12272
12273	12274
12275	12276
12277	12278
12279	12280
12281	12282
12283	12284
12285	12286
12287	12288
12289	12290
12291	12292
12293	12294
12295	12296
12297	12298
12299	12300
12301	12302
12303	12304
12305	12306
12307	12308
12309	12310
12311	12312
12313	12314
12315	12316
12317	12318
12319	12320
12321	12322
12323	12324
12325	12326
12327	12328
12329	12330
12331	12332
12333	12334
12335	12336
12337	12338
12339	12340
12341	12342
12343	12344
12345	12346
12347	12348
12349	12350
12351	12352
12353	12354
12355	12356
12357	12358
12359	12360
12361	12362
12363	12364
12365	12366
12367	12368
12369	12370
12371	12372
12373	12374
12375	12376
12377	12378
12379	12380
12381	12382
12383	12384
12385	12386
12387	12388
12389	12390
12391	12392
12393	12394
12395	12396
12397	12398
12399	12400
12412	12413
12422	12423
12424	12425
12426	12427
12428	12429
12430	12431
12432	12433
12434	12435
12437	12438
12439	12440
12441	12442
12443	12444
12445	12446
12447	12448
12449	12450
12451	12452
12453	12454
12455	12456
12460	12461
12462	12463
12464	12465
12466	12467
12468	12469
12470	12471
12472	12473
12474	12475
12476	12477
12478	12479
12480	12481
12482	12483
12484	12485
12486	12487
12488	12489
12490	12491
12492	12493
12494	12495
12496	12497
12498	12499
12500	12501
12502	12503
12504	12505
12506	12507
12508	12509
12510	12511
12512	12513
12514	12515
12516	12517
12518	12519
12520	12521
12522	12523
12524	12525
12526	12527
12528	12529
12530	12531
12532	12533
12534	12535
12536	12537
12538	12539
12540	12541
12592	12593
12594	12595
12596	12597
12598	12599
12601	12602
12603	12604
12605	12606
12625	12626
12627	12628
12629	12630
12631	12632
12633	12634
12635	12636
12695	12696
12697	12698
12699	12700
12701	12702
12728	12729
12730	12731
12732	12733
12734	12735
12736	12737
12738	12739
12740	12741
12742	12743
12744	12745
12746	12747
12756	23487
12757	12758
12759	12760
12761	12762
12763	12764
12769	12770
12771	12772
12783	12784
12786	12787
12789	12790
12798	12799
12800	12801
12802	12803
12804	12805
12817	12818
12819	12820
12821	12822
12823	12824
12825	12826
12827	12828
12829	12830
12831	12832
12833	12834
12846	12847
12849	12850
12851	12852
12857	12858
12859	12860
12863	12864
12865	12866
12867	12868
12869	12870
12871	12872
12873	12874
12875	12876
12877	12878
12879	12880
12881	12882
12883	12884
12885	12886
12900	12901
12902	12903
12905	12906
12907	12908
12909	12910
12911	12912
12913	12914
12915	12916
12917	12918
12919	12920
12922	12923
12924	12925
12927	12928
12929	12930
12932	12933
12936	12937
12960	12961
12962	12963
12964	12965
12966	12967
12968	12969
12970	12971
12972	12973
12974	12975
12976	12977
12978	12979
12980	12981
12982	12983
12984	12985
12986	12987
12988	12989
12990	12991
12992	12993
12994	12995
12996	12997
12998	12999
13000	13001
13002	13003
13004	13005
13006	13007
13008	13009
13010	13011
13012	13013
13014	13015
13016	13017
13018	13019
13020	13021
13022	13023
13024	13025
13026	13027
13028	13029
13030	13031
13032	13033
13034	13035
13036	13037
13038	13039
13040	13041
13042	13043
13044	13045
13046	13047
13048	13049
13050	13051
13052	13053
13054	13055
13056	13057
13058	13059
13060	13061
13062	13063
13064	13065
13066	13067
13149	13150
13151	13152
13153	13154
13155	13156
13157	13158
13159	13160
13161	13162
13163	13164
13165	13166
13167	13168
13169	13170
13171	13172
13173	13174
13175	13176
13193	13194
13227	13228
13229	13230
13231	13232
13233	13234
13235	13236
13237	13238
13239	13240
13245	13246
13250	13251
13252	13253
13254	13255
13256	13257
13263	13264
13265	13266
13267	13268
13269	13270
13271	13272
13277	13278
13383	13384
13385	13386
13387	13388
13389	13390
13421	13422
13432	13433
13439	13440
13441	13442
13443	13444
13448	13449
13451	13452
13454	13455
13457	13458
13460	13461
13463	13464
13466	13467
13469	13470
13472	13473
13475	13476
13478	13479
13481	13482
13484	13485
13487	13488
13490	13491
13493	13494
13496	13497
13499	13500
13502	13503
13505	13506
13508	13509
13511	13512
13563	13564
13573	13574
13576	13577
13652	20848
13658	13659
19478	19479
19481	19482
19493	19494
19496	19497
19501	19502
19529	19530
19532	19533
19535	19536
19538	19539
19541	19542
19544	19545
19547	19548
19550	19551
19553	19554
19586	19587
19589	19590
19592	19593
19595	19596
19598	19599
19601	19602
19604	19605
19607	19608
19610	19611
19653	19654
19656	19657
19659	19660
19662	19663
19665	19666
19669	19670
19672	19673
19701	19702
19704	19705
19707	19708
19724	19725
19727	19728
19912	19913
19915	19916
19918	19919
19921	19922
19924	19925
19927	19928
19930	19931
19933	19934
19936	19937
19943	19944
19946	19947
19949	19950
19952	19953
19955	19956
19958	19959
19961	19962
19964	19965
19967	19968
19970	19971
19973	19974
19976	19977
19979	19980
19982	19983
19985	19986
19988	19989
19991	19992
19994	19995
19997	19998
20002	20003
20005	20006
20008	20009
20011	20012
20014	20015
20017	20018
20020	20021
20023	20024
20026	20027
20029	20030
20032	20033
20035	20036
20038	20039
20041	20042
20044	20045
20047	20048
20050	20051
20053	20054
20056	20057
20059	20060
20062	20063
20065	20066
20068	20069
20071	20072
20074	20075
20077	20078
20080	20081
20083	20084
20086	20087
20089	20090
20092	20093
20095	20096
20098	20099
20101	20102
20104	20105
20107	20108
20110	20111
20113	20114
20116	20117
20119	20120
20122	20123
20125	20126
20128	20129
20131	20132
20134	20135
20137	20138
20140	20141
20143	20144
20146	20147
20149	20150
20152	20153
20155	20156
20158	20159
20161	20162
20166	20167
20169	20170
20172	20173
20175	20176
20178	20179
20181	20182
20184	20185
20187	20188
20190	20191
20193	20194
20196	20197
20199	20200
20202	20203
20205	20206
20208	20209
20211	20212
20214	20215
20217	20218
20220	20221
20223	20224
20226	20227
20229	20230
20232	20233
20235	20236
20240	20241
20243	20244
20246	20247
20251	20252
20254	20255
20257	20258
20260	20261
20263	20264
20266	20267
20269	20270
20272	20273
20275	20276
20376	20377
20379	20380
20382	20383
20385	20386
20390	23531
20393	23535
20394	23536
20395	23537
20396	23538
20433	20434
20436	20437
20439	20440
20442	20443
20517	20518
20520	20521
20547	23532
20548	23539
20549	23540
20550	23541
20551	23542
20587	20588
20590	20591
20595	20596
20601	20602
20604	20605
20716	20717
20724	20725
20727	20728
20730	20731
20733	20734
20736	20737
20739	20740
20742	20743
20749	20750
20756	20757
20997	20998
21000	21001
21003	21004
21006	21007
21009	21010
21012	21013
21015	21016
21018	21019
21021	21022
21024	21025
21028	21029
21034	21035
21043	21044
21047	21048
21049	21050
21079	21080
21081	21082
21084	21085
21087	21088
21090	21091
21093	21094
21096	21097
21099	21100
21102	21103
21105	21106
21108	21109
21111	21112
21114	21115
21117	21118
21120	21121
21123	21124
21126	21127
21129	21130
21132	21133
21134	21135
21136	21137
21138	21139
21140	21141
21143	21144
21146	21147
21149	21150
21151	21152
21153	21154
21155	21156
21157	21158
21160	21161
21163	21164
21166	21167
21169	21170
21171	21172
21173	21174
21175	21176
21177	21178
21180	21181
21183	21184
21202	21203
21270	21271
21279	21280
21298	21299
21301	21302
21304	21305
21347	21348
21387	21388
21477	21478
21480	21481
21483	21484
21504	21505
21512	21513
21515	21516
21518	21519
21521	21522
21626	21627
21634	21635
21637	21638
21643	21644
21646	21647
21649	21650
21652	21653
21684	21685
21687	21688
21690	21691
21698	21699
21701	21702
21704	21705
21707	21708
21730	21731
21733	21734
21736	21737
21739	21740
21742	21743
21745	21746
21804	21805
21807	21808
21810	21811
21813	21814
21817	21818
21838	21839
21882	21883
21885	21886
21892	21893
21895	21896
21902	21903
21918	21919
21921	21922
21952	21953
21975	21976
21978	21979
21981	21982
21984	21985
21987	21988
21994	21995
21997	21998
22003	22004
22006	22007
22097	22098
22100	22101
22103	22104
22106	22107
22111	22112
22118	22119
22121	22122
22124	22125
22192	22193
22195	22196
22198	22199
22201	22202
22204	22205
22209	22210
22212	22213
22215	22216
22218	22219
22221	22222
22224	22225
22231	22232
22236	22237
22239	22240
22246	22247
22251	22252
22254	22255
22257	22258
22260	22261
22263	22264
22266	22267
22269	22270
22272	22273
22275	22276
22278	22279
22281	22282
22284	22285
22290	22291
22294	22295
22296	22297
22299	22300
22302	22303
22305	22306
22324	22483
22326	22488
22327	22490
22328	22492
22355	22356
22358	22359
22361	22362
22368	22369
22372	22373
22430	22431
22438	22439
22443	22444
22446	22447
22449	22450
22452	22453
22455	22456
22458	22459
22461	22462
22464	22465
22467	22468
22470	22471
22477	22478
22481	22482
22486	22487
22542	22543
22547	22548
22552	22553
22557	22558
22603	22604
22610	22611
22613	22614
22616	22617
22619	22620
22622	22623
22625	22626
22628	22629
22631	22632
22638	22639
22641	22642
22644	22645
22647	22648
22650	22651
22653	22654
22656	22657
22660	22661
22731	22732
22734	22735
22737	22738
22740	22741
22780	22781
22783	22784
22786	22787
22789	22790
22792	22793
22795	22796
22826	22827
22829	22830
22832	22833
22835	22836
22856	22857
22859	22860
22866	22867
22929	22930
22932	22933
22935	22936
22951	22952
22954	22955
22957	22958
22960	22961
22963	22964
22966	22967
22975	22976
22978	22979
22983	22984
22988	22989
22994	22995
22999	23000
23002	23003
23037	23038
23047	23048
23050	23051
23053	23054
23056	23057
23059	23060
23064	23065
23110	23111
23113	23114
23116	23117
23119	23120
23124	23125
23185	23186
23188	23189
23191	23192
23194	23195
23197	23198
23200	23201
23203	23204
23206	23207
23209	23210
23212	23213
23215	23216
23218	23219
23221	23222
23224	23225
23227	23228
23232	23233
23237	23238
23242	23243
23246	23247
23249	23250
23252	23253
23255	23256
23258	23259
23261	23262
23264	23265
23267	23268
23270	23271
23273	23274
23276	23277
23279	23280
23282	23283
23285	23286
23288	23289
23291	23292
23294	23295
23297	23298
23300	23301
23303	23304
23306	23307
23309	23310
23312	23313
23315	23316
23318	23319
23321	23322
23324	23325
23327	23328
23336	23337
23339	23340
23342	23343
23345	23346
23348	23349
23351	23352
23354	23355
23357	23358
23360	23361
23363	23364
23366	23367
23369	23370
23372	23373
23375	23376
23378	23379
23381	23382
23384	23385
23389	23390
23392	23393
23395	23396
23398	23399
23401	23402
23404	23405
23407	23408
23410	23411
23413	23414
23499	23500
23517	23518
23522	23523
23525	23526
23528	23529
23533	23534
23543	23544
23545	23546
23547	23548
23549	23550
23551	23552
23553	23554
23555	23556
23557	23558
23559	23560
23561	23562
23563	23564
23565	23566
23567	23568
23569	23570
23571	23572
23573	23574
23575	23576
23577	23578
23579	23580
23581	23582
23583	23584
23585	23586
23587	23588
23589	23590
23591	23592
23593	23594
23595	23596
23597	23598
23599	23600
23601	23602
23603	23604
23605	23606
23607	23608
23609	23610
23611	23612
23613	23614
23615	23616
23617	23618
23620	23621
23622	23623
23624	23625
23626	23627
23628	23629
23630	23631
23640	23641
23642	23643
23644	23645
23646	23647
23650	23651
23667	23668
23670	23671
23685	23686
23688	23689
23691	23692
23694	23695
23697	23698
23700	23701
23703	23704
23706	23707
23709	23710
23712	23713
23715	23716
23718	23719
23721	23722
23724	23725
23727	23728
23730	23731
23733	23734
23736	23737
23739	23740
23742	23743
23745	23746
23748	23749
23751	23752
23754	23755
23908	23909
23943	23944
23948	23949
23953	23954
23956	23957
23959	23960
23997	23998
24000	24001
24003	24004
24006	24007
24009	24010
24012	24013
24015	24016
24018	24019
24021	24022
24024	24025
24027	24028
24034	24035
24037	24038
24040	24041
24043	24044
24046	24047
